Seismic Vulnerability Index of Microtremor (SVIM) Output
Station =  c0c02231120035925
Longitude =  1.000000
Latitude =  2.000000
Window =  62
Length Window =  25
Standard Deviation (F0) =  0.354545
A0 =  3.901196
F0 =  0.177419
Kg =  85.781677
Fmin =  0.062903
Fmax =  0.500415
Freq     H/V      SpecH/V  MinStd   MaxStd 
0.100000 0.000000 0.000000 0.000000 0.000000
0.109677 3.057424 3.057431 1.003111 5.111737
0.119355 3.040635 3.040684 2.045275 4.035995
0.129032 2.627310 2.627051 1.826192 3.428428
0.138710 2.773154 2.773081 1.413601 4.132706
0.148387 3.012610 3.012658 1.415212 4.610007
0.158065 3.238429 3.237202 0.942598 5.534260
0.167742 3.707865 3.706221 0.576577 6.839153
0.177419 3.901196 3.906439 1.915585 5.886807
0.187097 3.847160 3.861444 2.206117 5.488202
0.196774 3.655154 3.665755 2.433804 4.876504
0.206452 3.433440 3.475674 2.288897 4.577982
0.216129 3.035026 3.066734 1.936015 4.134037
0.225806 2.665394 2.582061 1.831627 3.499161
0.235484 2.585672 2.610204 1.951176 3.220169
0.245161 2.480540 2.530028 1.888540 3.072541
0.254839 2.295483 2.265199 1.692187 2.898780
0.264516 2.126078 2.174875 1.592981 2.659176
0.274194 1.986080 1.902594 1.534877 2.437283
0.283871 1.916144 1.964374 1.484638 2.347651
0.293548 1.877596 1.827816 1.400210 2.354982
0.303226 1.895281 1.849662 1.378236 2.412326
0.312903 1.984629 1.951228 1.466046 2.503211
0.322581 2.088376 2.126672 1.527609 2.649143
0.332258 2.163623 2.191795 1.469587 2.857659
0.341935 2.228256 2.144477 1.369269 3.087242
0.351613 2.302278 2.344587 1.337480 3.267077
0.361290 2.374104 2.375488 1.405807 3.342401
0.370968 2.431103 2.424537 1.544319 3.317886
0.380645 2.466155 2.495132 1.694672 3.237638
0.390323 2.472538 2.542827 1.805243 3.139832
0.400000 2.456332 2.446998 1.864626 3.048039
0.409677 2.435400 2.394820 1.889882 2.980918
0.419355 2.422728 2.428547 1.893009 2.952447
0.429032 2.420356 2.428128 1.875125 2.965588
0.438710 2.424187 2.393804 1.841457 3.006916
0.448387 2.426934 2.424789 1.805518 3.048350
0.458065 2.419441 2.486597 1.778964 3.059919
0.467742 2.394482 2.454680 1.763446 3.025518
0.477419 2.350151 2.347511 1.752344 2.947959
0.487097 2.289255 2.326675 1.737461 2.841049
0.496774 2.216395 2.266380 1.713841 2.718949
0.506452 2.136225 2.143013 1.680583 2.591867
0.516129 2.053580 2.050949 1.639432 2.467729
0.525806 1.973917 1.984960 1.593508 2.354327
0.535484 1.902887 1.897244 1.546988 2.258787
0.545161 1.845225 1.778758 1.505004 2.185446
0.554839 1.803656 1.765283 1.472762 2.134550
0.564516 1.778283 1.747971 1.453813 2.102753
0.574194 1.766609 1.708276 1.448488 2.084730
0.583871 1.764204 1.776673 1.453633 2.074775
0.593548 1.765967 1.755743 1.463994 2.067939
0.603226 1.767702 1.770434 1.474592 2.060812
0.612903 1.767497 1.804518 1.482847 2.052147
0.622581 1.766316 1.806106 1.489455 2.043177
0.632258 1.767480 1.766463 1.497692 2.037268
0.641935 1.775170 1.684436 1.511613 2.038728
0.651613 1.792573 1.693525 1.534060 2.051087
0.661290 1.820445 1.769374 1.565346 2.075544
0.670968 1.856670 1.813123 1.603092 2.110249
0.680645 1.896919 1.890179 1.643089 2.150750
0.690323 1.936012 1.957922 1.680678 2.191346
0.700000 1.969396 2.013753 1.712019 2.226772
0.709677 1.994198 2.079869 1.734845 2.253551
0.719355 2.009628 2.090938 1.748625 2.270631
0.729032 2.016789 2.057586 1.754300 2.279279
0.738710 2.018157 2.012190 1.753891 2.282423
0.748387 2.016968 1.975000 1.750120 2.283816
0.758065 2.016682 1.979218 1.746110 2.287254
0.767742 2.020549 2.014210 1.745086 2.296012
0.777419 2.031268 2.020325 1.750024 2.312513
0.787097 2.050713 1.997267 1.763241 2.338185
0.796774 2.079741 1.969298 1.786027 2.373455
0.806452 2.118123 1.966708 1.818421 2.417824
0.816129 2.164620 2.038712 1.859224 2.470017
0.825806 2.217212 2.190262 1.906249 2.528176
0.835484 2.273431 2.315225 1.956758 2.590103
0.845161 2.330735 2.367091 2.007955 2.653516
0.854839 2.386875 2.403280 2.057437 2.716312
0.864516 2.440166 2.449383 2.103523 2.776808
0.874194 2.489673 2.497087 2.145416 2.833930
0.883871 2.535269 2.556145 2.183211 2.887327
0.893548 2.577582 2.634410 2.217781 2.937382
0.903226 2.617838 2.643267 2.250564 2.985112
0.912903 2.657626 2.641221 2.283296 3.031956
0.922581 2.698603 2.659407 2.317728 3.079479
0.932258 2.742200 2.705997 2.355353 3.129047
0.941935 2.789352 2.718266 2.397177 3.181527
0.951613 2.840322 2.755316 2.443569 3.237075
0.961290 2.894625 2.794673 2.494207 3.295043
0.970968 2.951085 2.838079 2.548122 3.354048
0.980645 3.007993 2.875757 2.603833 3.412154
0.990323 3.063352 3.014846 2.659548 3.467156
1.000000 3.115142 3.308604 2.713387 3.516896
1.009677 3.161573 3.403556 2.763588 3.559558
1.019355 3.201286 3.310307 2.808684 3.593887
1.029032 3.233460 3.309109 2.847602 3.619317
1.038710 3.257846 3.371300 2.879713 3.635978
1.048387 3.274718 3.304924 2.904811 3.644625
1.058065 3.284768 3.324839 2.923060 3.646476
1.067742 3.288975 3.350088 2.934919 3.643031
1.077419 3.288471 3.346926 2.941063 3.635879
1.087097 3.284418 3.301686 2.942304 3.626532
1.096774 3.277912 3.327199 2.939533 3.616291
1.106452 3.269920 3.288049 2.933669 3.606170
1.116129 3.261239 3.262462 2.925620 3.596858
1.125806 3.252482 3.193677 2.916244 3.588720
1.135484 3.244076 3.195538 2.906319 3.581832
1.145161 3.236264 3.243236 2.896504 3.576023
1.154839 3.229121 3.173462 2.887309 3.570933
1.164516 3.222567 3.321857 2.879068 3.566067
1.174194 3.216377 3.255548 2.871915 3.560839
1.183871 3.210199 3.178383 2.865779 3.554618
1.193548 3.203577 3.141297 2.860391 3.546762
1.203226 3.195971 3.145797 2.855301 3.536641
1.212903 3.186788 3.153847 2.849918 3.523659
1.222581 3.175415 3.253247 2.843551 3.507279
1.232258 3.161248 3.272658 2.835464 3.487031
1.241935 3.143734 3.288832 2.824932 3.462536
1.251613 3.122402 3.243319 2.811292 3.433512
1.261290 3.096890 3.184857 2.793989 3.399792
1.270968 3.066975 3.164016 2.772615 3.361335
1.280645 3.032581 3.132621 2.746931 3.318232
1.290323 2.993794 3.065893 2.716879 3.270708
1.300000 2.950852 3.005806 2.682584 3.219120
1.309677 2.904143 3.058015 2.644337 3.163948
1.319355 2.854177 2.911950 2.602575 3.105780
1.329032 2.801568 2.935937 2.557847 3.045288
1.338710 2.746995 2.881665 2.510786 2.983203
1.348387 2.691174 2.776499 2.462064 2.920283
1.358065 2.634822 2.680329 2.412360 2.857283
1.367742 2.578623 2.598764 2.362326 2.794919
1.377419 2.523201 2.458685 2.312558 2.733843
1.387097 2.469096 2.363526 2.263576 2.674616
1.396774 2.416747 2.311232 2.215806 2.617687
1.406452 2.366482 2.293646 2.169578 2.563386
1.416129 2.318517 2.304384 2.125117 2.511916
1.425806 2.272956 2.201113 2.082557 2.463355
1.435484 2.229804 2.166365 2.041942 2.417666
1.445161 2.188979 2.167763 2.003245 2.374713
1.454839 2.150326 2.134804 1.966379 2.334274
1.464516 2.113637 2.116120 1.931210 2.296064
1.474194 2.078667 2.095638 1.897576 2.259757
1.483871 2.045149 2.051682 1.865295 2.225003
1.493548 2.012811 2.001884 1.834176 2.191446
1.503226 1.981385 1.952243 1.804028 2.158741
1.512903 1.950617 1.947174 1.774665 2.126569
1.522581 1.920275 1.943749 1.745912 2.094638
1.532258 1.890151 1.900306 1.717602 2.062699
1.541935 1.860062 1.889579 1.689583 2.030541
1.551613 1.829857 1.848593 1.661717 1.997997
1.561290 1.799408 1.847529 1.633878 1.964938
1.570968 1.768616 1.812479 1.605955 1.931277
1.580645 1.737406 1.764318 1.577852 1.896960
1.590323 1.705727 1.733047 1.549487 1.861966
1.600000 1.673551 1.727685 1.520799 1.826303
1.609677 1.640871 1.712662 1.491741 1.790001
1.619355 1.607701 1.646069 1.462288 1.753114
1.629032 1.574073 1.568495 1.432434 1.715711
1.638710 1.540037 1.528503 1.402195 1.677880
1.648387 1.505661 1.528644 1.371605 1.639717
1.658065 1.471027 1.523653 1.340722 1.601333
1.667742 1.436229 1.485959 1.309617 1.562841
1.677419 1.401371 1.437662 1.278380 1.524362
1.687097 1.366565 1.404801 1.247111 1.486019
1.696774 1.331927 1.363469 1.215920 1.447933
1.706452 1.297574 1.315289 1.184924 1.410224
1.716129 1.263622 1.271592 1.154238 1.373005
1.725806 1.230182 1.237512 1.123978 1.336386
1.735484 1.197358 1.189470 1.094252 1.300464
1.745161 1.165244 1.141599 1.065159 1.265328
1.754839 1.133923 1.091974 1.036791 1.231056
1.764516 1.103468 1.051767 1.009222 1.197714
1.774194 1.073937 1.031917 0.982516 1.165357
1.783871 1.045374 1.013369 0.956722 1.134026
1.793548 1.017813 0.994049 0.931872 1.103754
1.803226 0.991275 0.977349 0.907990 1.074561
1.812903 0.965770 0.936188 0.885082 1.046458
1.822581 0.941298 0.909889 0.863147 1.019450
1.832258 0.917852 0.904049 0.842173 0.993532
1.841935 0.895418 0.886651 0.822140 0.968695
1.851613 0.873974 0.854512 0.803022 0.944925
1.861290 0.853497 0.831229 0.784789 0.922204
1.870968 0.833959 0.821580 0.767408 0.900510
1.880645 0.815332 0.805579 0.750843 0.879821
1.890323 0.797583 0.782468 0.735057 0.860110
1.900000 0.780682 0.759430 0.720014 0.841351
1.909677 0.764596 0.737565 0.705677 0.823516
1.919355 0.749293 0.724554 0.692011 0.806574
1.929032 0.734739 0.714833 0.678982 0.790496
1.938710 0.720903 0.697226 0.666558 0.775249
1.948387 0.707753 0.678387 0.654705 0.760800
1.958065 0.695255 0.665329 0.643395 0.747115
1.967742 0.683379 0.653220 0.632599 0.734159
1.977419 0.672092 0.646481 0.622289 0.721895
1.987097 0.661364 0.644295 0.612441 0.710287
1.996774 0.651164 0.637115 0.603029 0.699298
2.006452 0.641461 0.628935 0.594032 0.688891
2.016129 0.632229 0.622531 0.585428 0.679030
2.025806 0.623439 0.613544 0.577200 0.669679
2.035484 0.615067 0.605477 0.569329 0.660805
2.045161 0.607088 0.596267 0.561800 0.652376
2.054839 0.599482 0.586582 0.554602 0.644362
2.064516 0.592230 0.590519 0.547722 0.636738
2.074194 0.585316 0.589939 0.541153 0.629479
2.083871 0.578727 0.579108 0.534888 0.622565
2.093548 0.572452 0.566184 0.528923 0.615981
2.103226 0.566484 0.557481 0.523255 0.609713
2.112903 0.560817 0.550659 0.517884 0.603751
2.122581 0.555449 0.546578 0.512809 0.598089
2.132258 0.550380 0.540548 0.508035 0.592724
2.141935 0.545610 0.533221 0.503564 0.587656
2.151613 0.541144 0.521089 0.499399 0.582888
2.161290 0.536986 0.513303 0.495547 0.578425
2.170968 0.533141 0.516261 0.492010 0.574271
2.180645 0.529616 0.520720 0.488795 0.570436
2.190323 0.526417 0.523894 0.485906 0.566928
2.200000 0.523551 0.517546 0.483347 0.563756
2.209677 0.521025 0.507556 0.481121 0.560928
2.219355 0.518842 0.498144 0.479230 0.558455
2.229032 0.517009 0.493604 0.477676 0.556342
2.238710 0.515529 0.493992 0.476459 0.554598
2.248387 0.514403 0.491017 0.475578 0.553229
2.258065 0.513633 0.489894 0.475030 0.552237
2.267742 0.513219 0.489119 0.474813 0.551625
2.277419 0.513157 0.487797 0.474920 0.551394
2.287097 0.513444 0.486099 0.475346 0.551542
2.296774 0.514074 0.483124 0.476082 0.552065
2.306452 0.515038 0.487341 0.477121 0.552956
2.316129 0.516329 0.493705 0.478450 0.554208
2.325806 0.517934 0.497664 0.480060 0.555809
2.335484 0.519842 0.497947 0.481936 0.557747
2.345161 0.522037 0.501039 0.484066 0.560007
2.354839 0.524503 0.504594 0.486434 0.562572
2.364516 0.527224 0.511151 0.489024 0.565424
2.374194 0.530181 0.515778 0.491820 0.568542
2.383871 0.533354 0.511585 0.494804 0.571904
2.393548 0.536722 0.511497 0.497957 0.575488
2.403226 0.540264 0.518789 0.501260 0.579268
2.412903 0.543957 0.530204 0.504694 0.583221
2.422581 0.547779 0.539322 0.508239 0.587319
2.432258 0.551706 0.546579 0.511875 0.591538
2.441935 0.555716 0.551035 0.515582 0.595851
2.451613 0.559786 0.550732 0.519340 0.600233
2.461290 0.563893 0.550508 0.523129 0.604657
2.470968 0.568015 0.556080 0.526929 0.609101
2.480645 0.572132 0.563395 0.530724 0.613540
2.490323 0.576222 0.575280 0.534494 0.617951
2.500000 0.580269 0.583192 0.538223 0.622315
2.509677 0.584254 0.586979 0.541895 0.626612
2.519355 0.588161 0.592127 0.545496 0.630826
2.529032 0.591978 0.596130 0.549014 0.634941
2.538710 0.595691 0.601149 0.552437 0.638945
2.548387 0.599290 0.600186 0.555754 0.642826
2.558065 0.602768 0.612335 0.558959 0.646577
2.567742 0.606119 0.617123 0.562045 0.650192
2.577419 0.609338 0.625230 0.565008 0.653668
2.587097 0.612423 0.636995 0.567845 0.657002
2.596774 0.615375 0.639598 0.570555 0.660196
2.606452 0.618195 0.644299 0.573138 0.663252
2.616129 0.620887 0.648455 0.575598 0.666176
2.625806 0.623456 0.646660 0.577937 0.668974
2.635484 0.625908 0.648108 0.580161 0.671654
2.645161 0.628250 0.645526 0.582276 0.674225
2.654839 0.630493 0.642269 0.584289 0.676697
2.664516 0.632645 0.638924 0.586208 0.679082
2.674194 0.634716 0.635617 0.588041 0.681392
2.683871 0.636718 0.631082 0.589798 0.683638
2.693548 0.638660 0.630630 0.591487 0.685833
2.703226 0.640554 0.637322 0.593119 0.687988
2.712903 0.642410 0.642892 0.594702 0.690117
2.722581 0.644238 0.644415 0.596246 0.692230
2.732258 0.646048 0.642459 0.597759 0.694337
2.741935 0.647849 0.638420 0.599248 0.696449
2.751613 0.649648 0.633531 0.600722 0.698574
2.761290 0.651453 0.632925 0.602187 0.700720
2.770968 0.653271 0.638353 0.603648 0.702894
2.780645 0.655106 0.641120 0.605111 0.705101
2.790323 0.656962 0.642211 0.606580 0.707345
2.800000 0.658843 0.644751 0.608057 0.709629
2.809677 0.660750 0.648310 0.609546 0.711955
2.819355 0.662685 0.650820 0.611047 0.714324
2.829032 0.664647 0.654739 0.612561 0.716734
2.838710 0.666637 0.659196 0.614089 0.719184
2.848387 0.668651 0.664984 0.615629 0.721673
2.858065 0.670688 0.672036 0.617181 0.724196
2.867742 0.672746 0.677043 0.618742 0.726749
2.877419 0.674820 0.677981 0.620312 0.729328
2.887097 0.676907 0.677235 0.621887 0.731928
2.896774 0.679005 0.677102 0.623466 0.734544
2.906452 0.681107 0.678712 0.625046 0.737169
2.916129 0.683212 0.681391 0.626625 0.739798
2.925806 0.685314 0.683062 0.628202 0.742425
2.935484 0.687410 0.681050 0.629774 0.745046
2.945161 0.689497 0.682370 0.631341 0.747653
2.954839 0.691572 0.685930 0.632901 0.750243
2.964516 0.693632 0.691564 0.634453 0.752810
2.974194 0.695674 0.696873 0.635999 0.755350
2.983871 0.697698 0.700579 0.637537 0.757859
2.993548 0.699702 0.704122 0.639069 0.760334
3.003226 0.701684 0.708172 0.640597 0.762772
3.012903 0.703645 0.711651 0.642121 0.765170
3.022581 0.705585 0.713326 0.643644 0.767526
3.032258 0.707504 0.713432 0.645169 0.769839
3.041935 0.709403 0.716211 0.646697 0.772108
3.051613 0.711283 0.719129 0.648233 0.774332
3.061290 0.713145 0.720840 0.649778 0.776511
3.070968 0.714991 0.725236 0.651337 0.778646
3.080645 0.716823 0.725402 0.652911 0.780735
3.090323 0.718643 0.725877 0.654505 0.782781
3.100000 0.720451 0.733319 0.656120 0.784783
3.109677 0.722251 0.734962 0.657759 0.786743
3.119355 0.724043 0.727145 0.659424 0.788662
3.129032 0.725828 0.722909 0.661116 0.790540
3.138710 0.727608 0.721901 0.662838 0.792378
3.148387 0.729383 0.719588 0.664590 0.794177
3.158065 0.731154 0.718503 0.666371 0.795937
3.167742 0.732921 0.721059 0.668182 0.797660
3.177419 0.734684 0.725147 0.670022 0.799345
3.187097 0.736441 0.723967 0.671889 0.800993
3.196774 0.738192 0.721415 0.673780 0.802604
3.206452 0.739935 0.722517 0.675694 0.804176
3.216129 0.741668 0.726597 0.677626 0.805710
3.225806 0.743389 0.730272 0.679573 0.807205
3.235484 0.745095 0.729660 0.681532 0.808659
3.245161 0.746784 0.730139 0.683496 0.810072
3.254839 0.748452 0.734359 0.685460 0.811443
3.264516 0.750095 0.738593 0.687421 0.812769
3.274194 0.751710 0.741706 0.689371 0.814049
3.283871 0.753293 0.748906 0.691305 0.815282
3.293548 0.754841 0.761299 0.693217 0.816465
3.303226 0.756349 0.771948 0.695101 0.817597
3.312903 0.757813 0.777141 0.696951 0.818675
3.322581 0.759230 0.777449 0.698760 0.819699
3.332258 0.760595 0.774982 0.700524 0.820666
3.341935 0.761906 0.774171 0.702237 0.821575
3.351613 0.763159 0.776252 0.703893 0.822424
3.361290 0.764350 0.774945 0.705488 0.823212
3.370968 0.765477 0.773172 0.707017 0.823937
3.380645 0.766537 0.772699 0.708476 0.824598
3.390323 0.767528 0.773973 0.709861 0.825196
3.400000 0.768448 0.779430 0.711169 0.825728
3.409677 0.769296 0.784895 0.712397 0.826194
3.419355 0.770069 0.791038 0.713544 0.826595
3.429032 0.770769 0.794345 0.714607 0.826930
3.438710 0.771393 0.795664 0.715585 0.827200
3.448387 0.771942 0.794312 0.716478 0.827405
3.458065 0.772416 0.793020 0.717285 0.827546
3.467742 0.772816 0.796448 0.718007 0.827624
3.477419 0.773143 0.798870 0.718645 0.827641
3.487097 0.773397 0.792803 0.719199 0.827596
3.496774 0.773582 0.787787 0.719671 0.827493
3.506452 0.773698 0.786331 0.720064 0.827332
3.516129 0.773748 0.784303 0.720379 0.827116
3.525806 0.773733 0.780220 0.720619 0.826847
3.535484 0.773657 0.780022 0.720787 0.826527
3.545161 0.773522 0.773374 0.720886 0.826158
3.554839 0.773331 0.770735 0.720919 0.825742
3.564516 0.773086 0.773349 0.720890 0.825283
3.574194 0.772791 0.774692 0.720801 0.824781
3.583871 0.772448 0.770863 0.720656 0.824240
3.593548 0.772061 0.767688 0.720460 0.823663
3.603226 0.771633 0.769377 0.720214 0.823051
3.612903 0.771165 0.767995 0.719924 0.822407
3.622581 0.770663 0.771762 0.719591 0.821734
3.632258 0.770127 0.768212 0.719220 0.821035
3.641935 0.769562 0.766947 0.718813 0.820310
3.651613 0.768969 0.769589 0.718374 0.819563
3.661290 0.768351 0.772374 0.717906 0.818796
3.670968 0.767711 0.777922 0.717411 0.818011
3.680645 0.767051 0.783198 0.716892 0.817209
3.690323 0.766372 0.782187 0.716351 0.816394
3.700000 0.765679 0.779248 0.715791 0.815566
3.709677 0.764971 0.776391 0.715213 0.814728
3.719355 0.764251 0.773649 0.714620 0.813881
3.729032 0.763520 0.771052 0.714013 0.813027
3.738710 0.762780 0.768635 0.713394 0.812166
3.748387 0.762033 0.766428 0.712764 0.811301
3.758065 0.761279 0.764367 0.712125 0.810433
3.767742 0.760520 0.760410 0.711477 0.809562
3.777419 0.759756 0.755311 0.710822 0.808690
3.787097 0.758988 0.753435 0.710159 0.807818
3.796774 0.758218 0.750049 0.709491 0.806945
3.806452 0.757446 0.742721 0.708818 0.806074
3.816129 0.756672 0.745025 0.708139 0.805204
3.825806 0.755896 0.745972 0.707456 0.804337
3.835484 0.755120 0.749852 0.706769 0.803471
3.845161 0.754343 0.755842 0.706078 0.802609
3.854839 0.753566 0.756071 0.705384 0.801749
3.864516 0.752789 0.757045 0.704686 0.800892
3.874194 0.752011 0.757759 0.703984 0.800038
3.883871 0.751233 0.756605 0.703279 0.799187
3.893548 0.750455 0.755087 0.702571 0.798338
3.903226 0.749676 0.753912 0.701860 0.797492
3.912903 0.748897 0.753085 0.701145 0.796648
3.922581 0.748116 0.752568 0.700427 0.795806
3.932258 0.747335 0.750998 0.699706 0.794964
3.941935 0.746552 0.748753 0.698981 0.794123
3.951613 0.745767 0.746469 0.698252 0.793282
3.961290 0.744980 0.744201 0.697520 0.792441
3.970968 0.744190 0.741938 0.696783 0.791597
3.980645 0.743397 0.738619 0.696043 0.790751
3.990323 0.742600 0.737223 0.695298 0.789902
4.000000 0.741798 0.739469 0.694548 0.789048
4.009677 0.740991 0.744007 0.693793 0.788189
4.019355 0.740179 0.744870 0.693033 0.787324
4.029032 0.739360 0.737750 0.692268 0.786452
4.038710 0.738533 0.738717 0.691496 0.785570
4.048387 0.737699 0.748654 0.690718 0.784679
4.058065 0.736856 0.748117 0.689934 0.783778
4.067742 0.736003 0.747077 0.689142 0.782864
4.077419 0.735140 0.744176 0.688342 0.781937
4.087097 0.734265 0.740422 0.687534 0.780996
4.096774 0.733378 0.734683 0.686718 0.780039
4.106452 0.732479 0.728304 0.685892 0.779066
4.116129 0.731565 0.726919 0.685056 0.778075
4.125806 0.730637 0.728708 0.684210 0.777064
4.135484 0.729693 0.729635 0.683352 0.776034
4.145161 0.728733 0.729619 0.682483 0.774983
4.154839 0.727756 0.729984 0.681602 0.773910
4.164516 0.726760 0.729933 0.680707 0.772813
4.174194 0.725746 0.729718 0.679799 0.771693
4.183871 0.724713 0.729294 0.678877 0.770548
4.193548 0.723660 0.728823 0.677941 0.769378
4.203226 0.722586 0.726210 0.676989 0.768182
4.212903 0.721491 0.725545 0.676022 0.766960
4.222581 0.720374 0.724061 0.675038 0.765710
4.232258 0.719236 0.722302 0.674038 0.764433
4.241935 0.718075 0.721111 0.673021 0.763129
4.251613 0.716892 0.721546 0.671987 0.761797
4.261290 0.715686 0.723417 0.670935 0.760437
4.270968 0.714458 0.725270 0.669867 0.759050
4.280645 0.713208 0.725612 0.668780 0.757635
4.290323 0.711935 0.724799 0.667676 0.756194
4.300000 0.710640 0.723206 0.666555 0.754726
4.309677 0.709324 0.719092 0.665417 0.753232
4.319355 0.707987 0.716353 0.664262 0.751713
4.329032 0.706630 0.716258 0.663090 0.750169
4.338710 0.705253 0.716694 0.661903 0.748602
4.348387 0.703857 0.717503 0.660700 0.747013
4.358065 0.702443 0.717664 0.659483 0.745403
4.367742 0.701013 0.717026 0.658253 0.743773
4.377419 0.699567 0.716227 0.657009 0.742125
4.387097 0.698107 0.714006 0.655754 0.740460
4.396774 0.696634 0.709936 0.654489 0.738780
4.406452 0.695151 0.705024 0.653214 0.737087
4.416129 0.693657 0.699115 0.651931 0.735382
4.425806 0.692155 0.691297 0.650642 0.733669
4.435484 0.690648 0.686004 0.649348 0.731947
4.445161 0.689136 0.683728 0.648051 0.730221
4.454839 0.687621 0.681297 0.646752 0.728491
4.464516 0.686107 0.679498 0.645452 0.726761
4.474194 0.684594 0.679290 0.644155 0.725032
4.483871 0.683084 0.682040 0.642862 0.723307
4.493548 0.681581 0.686053 0.641574 0.721588
4.503226 0.680086 0.689543 0.640293 0.719878
4.512903 0.678601 0.692848 0.639023 0.718179
4.522581 0.677129 0.695860 0.637763 0.716494
4.532258 0.675671 0.696732 0.636518 0.714825
4.541935 0.674231 0.693484 0.635288 0.713175
4.551613 0.672810 0.688269 0.634075 0.711545
4.561290 0.671411 0.683370 0.632882 0.709939
4.570968 0.670035 0.677700 0.631711 0.708359
4.580645 0.668685 0.671861 0.630564 0.706807
4.590323 0.667364 0.664276 0.629442 0.705286
4.600000 0.666073 0.658181 0.628347 0.703798
4.609677 0.664814 0.654912 0.627283 0.702346
4.619355 0.663590 0.652290 0.626249 0.700930
4.629032 0.662401 0.651887 0.625248 0.699555
4.638710 0.661252 0.648501 0.624282 0.698221
4.648387 0.660142 0.644089 0.623353 0.696931
4.658065 0.659074 0.639914 0.622461 0.695686
4.667742 0.658049 0.635982 0.621609 0.694489
4.677419 0.657070 0.632296 0.620798 0.693341
4.687097 0.656137 0.628862 0.620029 0.692244
4.696774 0.655251 0.625948 0.619304 0.691199
4.706452 0.654416 0.625189 0.618623 0.690208
4.716129 0.653631 0.627897 0.617989 0.689272
4.725806 0.652897 0.630029 0.617401 0.688393
4.735484 0.652216 0.629828 0.616860 0.687572
4.745161 0.651589 0.629397 0.616369 0.686809
4.754839 0.651016 0.629228 0.615926 0.686105
4.764516 0.650498 0.629316 0.615534 0.685462
4.774194 0.650036 0.629654 0.615192 0.684880
4.783871 0.649630 0.630234 0.614900 0.684360
4.793548 0.649281 0.631051 0.614661 0.683902
4.803226 0.648990 0.632097 0.614472 0.683507
4.812903 0.648755 0.633071 0.614336 0.683175
4.822581 0.648578 0.633026 0.614251 0.682906
4.832258 0.648459 0.633292 0.614218 0.682700
4.841935 0.648397 0.634598 0.614237 0.682557
4.851613 0.648392 0.637209 0.614307 0.682477
4.861290 0.648445 0.639212 0.614429 0.682461
4.870968 0.648554 0.637835 0.614602 0.682507
4.880645 0.648720 0.635769 0.614826 0.682615
4.890323 0.648942 0.634787 0.615100 0.682785
4.900000 0.649220 0.633411 0.615425 0.683016
4.909677 0.649553 0.633071 0.615798 0.683307
4.919355 0.649939 0.634185 0.616220 0.683658
4.929032 0.650379 0.635654 0.616690 0.684069
4.938710 0.650872 0.638189 0.617208 0.684537
4.948387 0.651417 0.640565 0.617772 0.685062
4.958065 0.652013 0.642510 0.618381 0.685644
4.967742 0.652658 0.639929 0.619035 0.686281
4.977419 0.653352 0.638674 0.619734 0.686971
4.987097 0.654094 0.639859 0.620475 0.687714
4.996774 0.654883 0.641271 0.621258 0.688509
5.006452 0.655717 0.642025 0.622081 0.689353
5.016129 0.656596 0.641356 0.622945 0.690247
5.025806 0.657517 0.640798 0.623847 0.691187
5.035484 0.658480 0.642052 0.624786 0.692173
5.045161 0.659483 0.641862 0.625761 0.693204
5.054839 0.660525 0.641217 0.626772 0.694277
5.064516 0.661604 0.645948 0.627816 0.695392
5.074194 0.662720 0.649191 0.628893 0.696546
5.083871 0.663870 0.651180 0.630001 0.697739
5.093548 0.665053 0.653209 0.631139 0.698967
5.103226 0.666268 0.655201 0.632305 0.700230
5.112903 0.667513 0.653123 0.633499 0.701526
5.122581 0.668786 0.650910 0.634718 0.702853
5.132258 0.670086 0.648950 0.635962 0.704210
5.141935 0.671412 0.650751 0.637229 0.705594
5.151613 0.672761 0.650231 0.638517 0.707005
5.161290 0.674133 0.652899 0.639826 0.708439
5.170968 0.675525 0.654311 0.641153 0.709896
5.180645 0.676936 0.656779 0.642498 0.711374
5.190323 0.678364 0.660854 0.643858 0.712871
5.200000 0.679809 0.665255 0.645233 0.714384
5.209677 0.681267 0.669815 0.646621 0.715914
5.219355 0.682738 0.673076 0.648020 0.717457
5.229032 0.684221 0.674744 0.649430 0.719011
5.238710 0.685712 0.676128 0.650848 0.720576
5.248387 0.687212 0.677438 0.652273 0.722150
5.258065 0.688717 0.680400 0.653704 0.723731
5.267742 0.690228 0.685409 0.655140 0.725316
5.277419 0.691742 0.689070 0.656578 0.726906
5.287097 0.693258 0.691820 0.658019 0.728497
5.296774 0.694774 0.693537 0.659459 0.730089
5.306452 0.696289 0.695637 0.660899 0.731680
5.316129 0.697802 0.698173 0.662336 0.733268
5.325806 0.699311 0.701774 0.663769 0.734852
5.335484 0.700815 0.706904 0.665198 0.736431
5.345161 0.702312 0.709165 0.666621 0.738003
5.354839 0.703801 0.710490 0.668037 0.739566
5.364516 0.705282 0.711907 0.669444 0.741121
5.374194 0.706753 0.717240 0.670841 0.742664
5.383871 0.708212 0.722679 0.672229 0.744196
5.393548 0.709659 0.726246 0.673604 0.745715
5.403226 0.711093 0.727688 0.674968 0.747219
5.412903 0.712513 0.728521 0.676318 0.748708
5.422581 0.713917 0.726929 0.677653 0.750181
5.432258 0.715306 0.725673 0.678974 0.751637
5.441935 0.716677 0.725906 0.680278 0.753076
5.451613 0.718031 0.729267 0.681566 0.754495
5.461290 0.719366 0.733507 0.682837 0.755895
5.470968 0.720682 0.735866 0.684090 0.757274
5.480645 0.721979 0.734520 0.685325 0.758633
5.490323 0.723255 0.731677 0.686541 0.759970
5.500000 0.724511 0.728828 0.687737 0.761285
5.509677 0.725746 0.725981 0.688914 0.762578
5.519355 0.726960 0.723143 0.690071 0.763848
5.529032 0.728151 0.720323 0.691208 0.765095
5.538710 0.729321 0.720091 0.692324 0.766318
5.548387 0.730469 0.722199 0.693420 0.767518
5.558065 0.731595 0.723304 0.694496 0.768694
5.567742 0.732698 0.723502 0.695550 0.769846
5.577419 0.733780 0.724580 0.696585 0.770975
5.587097 0.734839 0.728277 0.697599 0.772079
5.596774 0.735876 0.734043 0.698592 0.773159
5.606452 0.736891 0.739227 0.699566 0.774216
5.616129 0.737884 0.744129 0.700520 0.775249
5.625806 0.738856 0.749484 0.701454 0.776258
5.635484 0.739807 0.754868 0.702370 0.777245
5.645161 0.740737 0.759203 0.703266 0.778208
5.654839 0.741647 0.760581 0.704145 0.779150
5.664516 0.742537 0.760485 0.705006 0.780069
5.674194 0.743408 0.760933 0.705849 0.780966
5.683871 0.744259 0.761513 0.706676 0.781843
5.693548 0.745093 0.763335 0.707486 0.782699
5.703226 0.745908 0.765384 0.708282 0.783534
5.712903 0.746706 0.763653 0.709062 0.784351
5.722581 0.747488 0.760564 0.709829 0.785148
5.732258 0.748254 0.761394 0.710581 0.785927
5.741935 0.749005 0.764764 0.711322 0.786688
5.751613 0.749741 0.768037 0.712050 0.787433
5.761290 0.750464 0.770244 0.712767 0.788161
5.770968 0.751173 0.770253 0.713473 0.788873
5.780645 0.751870 0.768997 0.714169 0.789570
5.790323 0.752555 0.767372 0.714857 0.790254
5.800000 0.753230 0.765303 0.715536 0.790923
5.809677 0.753894 0.763253 0.716207 0.791580
5.819355 0.754549 0.761400 0.716872 0.792225
5.829032 0.755195 0.759505 0.717531 0.792859
5.838710 0.755833 0.757643 0.718184 0.793482
5.848387 0.756464 0.755773 0.718832 0.794095
5.858065 0.757088 0.754000 0.719477 0.794699
5.867742 0.757706 0.752307 0.720118 0.795295
5.877419 0.758319 0.751352 0.720756 0.795883
5.887097 0.758928 0.752205 0.721392 0.796464
5.896774 0.759532 0.753530 0.722027 0.797038
5.906452 0.760134 0.754560 0.722660 0.797607
5.916129 0.760732 0.755710 0.723294 0.798170
5.925806 0.761328 0.756959 0.723927 0.798729
5.935484 0.761923 0.756957 0.724560 0.799285
5.945161 0.762516 0.755124 0.725195 0.799836
5.954839 0.763108 0.756867 0.725831 0.800385
5.964516 0.763700 0.758117 0.726469 0.800932
5.974194 0.764293 0.756990 0.727108 0.801477
5.983871 0.764886 0.754067 0.727751 0.802021
5.993548 0.765480 0.751277 0.728395 0.802564
6.003226 0.766075 0.748626 0.729043 0.803106
6.012903 0.766671 0.746292 0.729693 0.803649
6.022581 0.767269 0.745676 0.730347 0.804192
6.032258 0.767870 0.749092 0.731004 0.804735
6.041935 0.768472 0.753992 0.731665 0.805280
6.051613 0.769077 0.758792 0.732329 0.805826
6.061290 0.769685 0.763091 0.732997 0.806373
6.070968 0.770295 0.765146 0.733668 0.806922
6.080645 0.770908 0.765179 0.734342 0.807474
6.090323 0.771524 0.763980 0.735021 0.808027
6.100000 0.772143 0.763046 0.735702 0.808583
6.109677 0.772764 0.763710 0.736387 0.809142
6.119355 0.773389 0.767139 0.737075 0.809703
6.129032 0.774017 0.770148 0.737766 0.810268
6.138710 0.774647 0.770149 0.738459 0.810835
6.148387 0.775280 0.768674 0.739156 0.811405
6.158065 0.775916 0.768875 0.739855 0.811978
6.167742 0.776555 0.768163 0.740556 0.812554
6.177419 0.777196 0.766703 0.741259 0.813134
6.187097 0.777840 0.765406 0.741964 0.813716
6.196774 0.778486 0.766593 0.742670 0.814301
6.206452 0.779134 0.768312 0.743377 0.814890
6.216129 0.779784 0.770710 0.744086 0.815481
6.225806 0.780436 0.773097 0.744795 0.816076
6.235484 0.781089 0.775432 0.745505 0.816674
6.245161 0.781744 0.776925 0.746215 0.817274
6.254839 0.782401 0.778616 0.746925 0.817877
6.264516 0.783059 0.780988 0.747634 0.818483
6.274194 0.783718 0.784322 0.748343 0.819092
6.283871 0.784377 0.787671 0.749051 0.819704
6.293548 0.785038 0.791028 0.749758 0.820318
6.303226 0.785699 0.794385 0.750464 0.820934
6.312903 0.786361 0.796933 0.751168 0.821553
6.322581 0.787023 0.794842 0.751870 0.822175
6.332258 0.787685 0.794636 0.752571 0.822799
6.341935 0.788347 0.792590 0.753269 0.823425
6.351613 0.789009 0.790975 0.753965 0.824053
6.361290 0.789671 0.790029 0.754659 0.824683
6.370968 0.790333 0.790768 0.755351 0.825316
6.380645 0.790995 0.794751 0.756039 0.825951
6.390323 0.791657 0.798165 0.756725 0.826588
6.400000 0.792318 0.798962 0.757408 0.827227
6.409677 0.792979 0.798692 0.758089 0.827868
6.419355 0.793639 0.799318 0.758767 0.828512
6.429032 0.794299 0.799839 0.759441 0.829157
6.438710 0.794959 0.800619 0.760114 0.829805
6.448387 0.795619 0.802489 0.760783 0.830455
6.458065 0.796279 0.804179 0.761450 0.831108
6.467742 0.796938 0.806599 0.762114 0.831763
6.477419 0.797598 0.806471 0.762776 0.832420
6.487097 0.798257 0.803106 0.763435 0.833080
6.496774 0.798918 0.799444 0.764092 0.833743
6.506452 0.799578 0.799274 0.764748 0.834408
6.516129 0.800239 0.801457 0.765401 0.835077
6.525806 0.800901 0.804503 0.766053 0.835749
6.535484 0.801564 0.807582 0.766704 0.836424
6.545161 0.802229 0.809467 0.767354 0.837103
6.554839 0.802894 0.810735 0.768003 0.837786
6.564516 0.803562 0.811240 0.768652 0.838472
6.574194 0.804232 0.810178 0.769300 0.839163
6.583871 0.804904 0.809591 0.769949 0.839858
6.593548 0.805578 0.810885 0.770599 0.840558
6.603226 0.806256 0.812591 0.771249 0.841263
6.612903 0.806937 0.813646 0.771901 0.841973
6.622581 0.807622 0.812846 0.772554 0.842689
6.632258 0.808310 0.810692 0.773210 0.843410
6.641935 0.809003 0.807061 0.773868 0.844138
6.651613 0.809701 0.803023 0.774530 0.844872
6.661290 0.810404 0.799075 0.775195 0.845613
6.670968 0.811112 0.795226 0.775863 0.846361
6.680645 0.811826 0.792699 0.776537 0.847116
6.690323 0.812547 0.792091 0.777215 0.847879
6.700000 0.813274 0.792422 0.777898 0.848650
6.709677 0.814008 0.794421 0.778587 0.849429
6.719355 0.814750 0.797111 0.779283 0.850218
6.729032 0.815500 0.799680 0.779985 0.851015
6.738710 0.816258 0.802125 0.780695 0.851822
6.748387 0.817025 0.805066 0.781412 0.852639
6.758065 0.817802 0.807137 0.782138 0.853466
6.767742 0.818588 0.808763 0.782872 0.854303
6.777419 0.819384 0.810599 0.783615 0.855152
6.787097 0.820190 0.812380 0.784368 0.856011
6.796774 0.821007 0.814024 0.785132 0.856883
6.806452 0.821836 0.816107 0.785905 0.857766
6.816129 0.822676 0.818908 0.786690 0.858662
6.825806 0.823528 0.821639 0.787486 0.859570
6.835484 0.824393 0.822323 0.788294 0.860491
6.845161 0.825270 0.821877 0.789115 0.861426
6.854839 0.826161 0.822577 0.789948 0.862374
6.864516 0.827065 0.823452 0.790794 0.863336
6.874194 0.827983 0.823239 0.791654 0.864313
6.883871 0.828915 0.823876 0.792527 0.865303
6.893548 0.829862 0.824369 0.793415 0.866309
6.903226 0.830823 0.822950 0.794317 0.867329
6.912903 0.831800 0.821643 0.795234 0.868365
6.922581 0.832791 0.821315 0.796166 0.869416
6.932258 0.833799 0.821775 0.797114 0.870483
6.941935 0.834822 0.822785 0.798077 0.871566
6.951613 0.835861 0.823821 0.799057 0.872665
6.961290 0.836916 0.824883 0.800052 0.873780
6.970968 0.837988 0.825277 0.801064 0.874911
6.980645 0.839076 0.824658 0.802092 0.876059
6.990323 0.840181 0.824897 0.803137 0.877224
7.000000 0.841302 0.826467 0.804199 0.878405
7.009677 0.842440 0.827410 0.805278 0.879603
7.019355 0.843596 0.827716 0.806374 0.880817
7.029032 0.844768 0.828126 0.807488 0.882049
7.038710 0.845957 0.828732 0.808618 0.883297
7.048387 0.847163 0.830237 0.809765 0.884562
7.058065 0.848387 0.832318 0.810930 0.885843
7.067742 0.849627 0.832925 0.812112 0.887142
7.077419 0.850884 0.832736 0.813311 0.888457
7.087097 0.852157 0.835145 0.814527 0.889788
7.096774 0.853448 0.839858 0.815760 0.891135
7.106452 0.854754 0.842535 0.817009 0.892499
7.116129 0.856077 0.843243 0.818276 0.893879
7.125806 0.857416 0.844722 0.819558 0.895274
7.135484 0.858771 0.847877 0.820857 0.896685
7.145161 0.860142 0.849953 0.822173 0.898111
7.154839 0.861528 0.849349 0.823503 0.899552
7.164516 0.862929 0.848388 0.824850 0.901008
7.174194 0.864345 0.847402 0.826211 0.902478
7.183871 0.865775 0.846392 0.827587 0.903962
7.193548 0.867219 0.845366 0.828978 0.905459
7.203226 0.868676 0.844957 0.830383 0.906970
7.212903 0.870147 0.846696 0.831802 0.908493
7.222581 0.871631 0.849835 0.833234 0.910028
7.232258 0.873127 0.854074 0.834678 0.911575
7.241935 0.874635 0.859337 0.836135 0.913134
7.251613 0.876154 0.861930 0.837604 0.914703
7.261290 0.877683 0.863900 0.839085 0.916282
7.270968 0.879223 0.864856 0.840576 0.917871
7.280645 0.880773 0.867065 0.842078 0.919468
7.290323 0.882332 0.868959 0.843589 0.921075
7.300000 0.883899 0.869998 0.845109 0.922688
7.309677 0.885474 0.872372 0.846638 0.924309
7.319355 0.887056 0.874848 0.848175 0.925937
7.329032 0.888644 0.876955 0.849719 0.927570
7.338710 0.890239 0.876682 0.851269 0.929208
7.348387 0.891838 0.876530 0.852826 0.930851
7.358065 0.893442 0.877111 0.854387 0.932497
7.367742 0.895050 0.880361 0.855953 0.934147
7.377419 0.896661 0.883555 0.857523 0.935798
7.387097 0.898273 0.885216 0.859096 0.937450
7.396774 0.899888 0.885971 0.860672 0.939104
7.406452 0.901503 0.886796 0.862249 0.940757
7.416129 0.903118 0.887688 0.863826 0.942409
7.425806 0.904732 0.888618 0.865404 0.944059
7.435484 0.906344 0.889404 0.866981 0.945706
7.445161 0.907954 0.890290 0.868557 0.947351
7.454839 0.909560 0.891533 0.870130 0.948990
7.464516 0.911163 0.894247 0.871700 0.950625
7.474194 0.912761 0.896427 0.873267 0.952254
7.483871 0.914352 0.899370 0.874829 0.953876
7.493548 0.915938 0.902495 0.876385 0.955491
7.503226 0.917516 0.905730 0.877935 0.957097
7.512903 0.919086 0.909071 0.879478 0.958694
7.522581 0.920647 0.912515 0.881013 0.960281
7.532258 0.922199 0.916310 0.882540 0.961857
7.541935 0.923739 0.920288 0.884057 0.963422
7.551613 0.925269 0.923743 0.885564 0.964973
7.561290 0.926786 0.927200 0.887060 0.966512
7.570968 0.928290 0.930660 0.888544 0.968037
7.580645 0.929781 0.933288 0.890016 0.969546
7.590323 0.931257 0.936971 0.891475 0.971040
7.600000 0.932718 0.939627 0.892919 0.972518
7.609677 0.934163 0.940312 0.894349 0.973978
7.619355 0.935592 0.941593 0.895763 0.975421
7.629032 0.937003 0.944371 0.897161 0.976844
7.638710 0.938395 0.947273 0.898542 0.978249
7.648387 0.939769 0.952380 0.899906 0.979633
7.658065 0.941124 0.956467 0.901251 0.980997
7.667742 0.942458 0.958662 0.902578 0.982339
7.677419 0.943772 0.960561 0.903884 0.983659
7.687097 0.945064 0.962365 0.905171 0.984957
7.696774 0.946334 0.964547 0.906437 0.986231
7.706452 0.947581 0.967244 0.907681 0.987481
7.716129 0.948806 0.969980 0.908904 0.988707
7.725806 0.950006 0.972671 0.910104 0.989908
7.735484 0.951182 0.975310 0.911281 0.991084
7.745161 0.952334 0.977895 0.912434 0.992233
7.754839 0.953460 0.980419 0.913563 0.993356
7.764516 0.954560 0.982879 0.914668 0.994452
7.774194 0.955634 0.985269 0.915748 0.995520
7.783871 0.956682 0.987586 0.916802 0.996561
7.793548 0.957702 0.989826 0.917831 0.997574
7.803226 0.958695 0.991986 0.918833 0.998558
7.812903 0.959661 0.994061 0.919809 0.999513
7.822581 0.960598 0.996048 0.920757 1.000438
7.832258 0.961507 0.998971 0.921679 1.001335
7.841935 0.962387 1.002369 0.922573 1.002201
7.851613 0.963239 1.005307 0.923439 1.003038
7.861290 0.964061 1.007468 0.924277 1.003844
7.870968 0.964854 1.006774 0.925087 1.004620
7.880645 0.965617 1.004896 0.925868 1.005366
7.890323 0.966351 1.002614 0.926621 1.006081
7.900000 0.967055 1.001112 0.927345 1.006765
7.909677 0.967729 1.000255 0.928040 1.007418
7.919355 0.968373 1.001268 0.928706 1.008040
7.929032 0.968987 1.001667 0.929342 1.008631
7.938710 0.969571 0.999231 0.929950 1.009192
7.948387 0.970125 0.996789 0.930528 1.009721
7.958065 0.970648 0.994338 0.931078 1.010219
7.967742 0.971142 0.991590 0.931597 1.010687
7.977419 0.971606 0.988831 0.932088 1.011123
7.987097 0.972040 0.987417 0.932550 1.011529
7.996774 0.972444 0.988690 0.932982 1.011905
8.006452 0.972818 0.991084 0.933386 1.012250
8.016129 0.973163 0.993467 0.933761 1.012565
8.025806 0.973478 0.995702 0.934107 1.012849
8.035484 0.973764 0.996959 0.934424 1.013104
8.045161 0.974021 0.997530 0.934713 1.013330
8.054839 0.974250 0.997878 0.934974 1.013526
8.064516 0.974449 0.998097 0.935206 1.013693
8.074194 0.974621 0.998300 0.935411 1.013831
8.083871 0.974765 0.998484 0.935589 1.013940
8.093548 0.974880 0.998649 0.935739 1.014022
8.103226 0.974969 0.998795 0.935862 1.014075
8.112903 0.975030 0.998769 0.935958 1.014101
8.122581 0.975064 0.998548 0.936028 1.014100
8.132258 0.975072 0.998235 0.936072 1.014073
8.141935 0.975054 0.997834 0.936090 1.014018
8.151613 0.975010 0.997346 0.936082 1.013938
8.161290 0.974941 0.996777 0.936050 1.013832
8.170968 0.974847 0.996130 0.935992 1.013702
8.180645 0.974728 0.995408 0.935910 1.013546
8.190323 0.974585 0.994615 0.935804 1.013366
8.200000 0.974419 0.993757 0.935675 1.013163
8.209677 0.974229 0.992607 0.935522 1.012936
8.219355 0.974016 0.990980 0.935346 1.012686
8.229032 0.973780 0.990522 0.935148 1.012413
8.238710 0.973523 0.991881 0.934927 1.012119
8.248387 0.973244 0.993295 0.934685 1.011803
8.258065 0.972944 0.994158 0.934422 1.011467
8.267742 0.972624 0.993722 0.934138 1.011109
8.277419 0.972283 0.992608 0.933833 1.010732
8.287097 0.971922 0.991508 0.933509 1.010336
8.296774 0.971542 0.990951 0.933165 1.009920
8.306452 0.971144 0.990742 0.932802 1.009486
8.316129 0.970727 0.989489 0.932420 1.009034
8.325806 0.970292 0.987925 0.932020 1.008564
8.335484 0.969840 0.987296 0.931602 1.008078
8.345161 0.969371 0.989729 0.931166 1.007575
8.354839 0.968885 0.992888 0.930714 1.007056
8.364516 0.968383 0.991963 0.930245 1.006522
8.374194 0.967866 0.988783 0.929760 1.005972
8.383871 0.967334 0.985071 0.929260 1.005408
8.393548 0.966787 0.983257 0.928744 1.004831
8.403226 0.966226 0.983146 0.928213 1.004240
8.412903 0.965652 0.983045 0.927668 1.003636
8.422581 0.965064 0.982553 0.927109 1.003019
8.432258 0.964464 0.980758 0.926536 1.002391
8.441935 0.963851 0.979019 0.925950 1.001751
8.451613 0.963226 0.977951 0.925352 1.001100
8.461290 0.962590 0.976072 0.924741 1.000439
8.470968 0.961943 0.974512 0.924118 0.999768
8.480645 0.961285 0.973823 0.923484 0.999087
8.490323 0.960617 0.972860 0.922838 0.998397
8.500000 0.959940 0.971298 0.922182 0.997698
8.509677 0.959253 0.968475 0.921515 0.996992
8.519355 0.958558 0.965656 0.920838 0.996277
8.529032 0.957854 0.962842 0.920152 0.995556
8.538710 0.957142 0.960036 0.919457 0.994827
8.548387 0.956422 0.957238 0.918752 0.994093
8.558065 0.955696 0.954553 0.918039 0.993352
8.567742 0.954962 0.952645 0.917318 0.992606
8.577419 0.954222 0.952073 0.916589 0.991855
8.587097 0.953476 0.951093 0.915853 0.991099
8.596774 0.952724 0.948421 0.915110 0.990339
8.606452 0.951968 0.945737 0.914360 0.989576
8.616129 0.951206 0.943043 0.913603 0.988808
8.625806 0.950440 0.940452 0.912841 0.988038
8.635484 0.949669 0.939031 0.912072 0.987266
8.645161 0.948895 0.939779 0.911299 0.986491
8.654839 0.948117 0.938824 0.910520 0.985714
8.664516 0.947336 0.936914 0.909737 0.984936
8.674194 0.946553 0.936803 0.908949 0.984157
8.683871 0.945767 0.937582 0.908157 0.983377
8.693548 0.944979 0.937024 0.907361 0.982597
8.703226 0.944189 0.936558 0.906561 0.981817
8.712903 0.943398 0.936207 0.905759 0.981037
8.722581 0.942606 0.936523 0.904953 0.980258
8.732258 0.941813 0.937525 0.904145 0.979480
8.741935 0.941019 0.939212 0.903335 0.978703
8.751613 0.940225 0.941130 0.902523 0.977928
8.761290 0.939432 0.943070 0.901709 0.977155
8.770968 0.938639 0.942596 0.900893 0.976384
8.780645 0.937846 0.943275 0.900076 0.975616
8.790323 0.937055 0.943007 0.899259 0.974851
8.800000 0.936265 0.943472 0.898440 0.974089
8.809677 0.935476 0.946172 0.897622 0.973331
8.819355 0.934690 0.946527 0.896803 0.972576
8.829032 0.933905 0.944098 0.895984 0.971826
8.838710 0.933123 0.942309 0.895166 0.971079
8.848387 0.932343 0.941337 0.894348 0.970338
8.858065 0.931566 0.940357 0.893532 0.969601
8.867742 0.930793 0.939404 0.892716 0.968869
8.877419 0.930022 0.938560 0.891902 0.968142
8.887097 0.929255 0.936524 0.891090 0.967421
8.896774 0.928492 0.934400 0.890279 0.966706
8.906452 0.927733 0.931577 0.889470 0.965997
8.916129 0.926979 0.930198 0.888664 0.965293
8.925806 0.926228 0.927951 0.887860 0.964596
8.935484 0.925483 0.925572 0.887059 0.963906
8.945161 0.924742 0.923218 0.886261 0.963222
8.954839 0.924006 0.920890 0.885466 0.962546
8.964516 0.923275 0.919613 0.884675 0.961876
8.974194 0.922550 0.919366 0.883887 0.961214
8.983871 0.921831 0.919037 0.883103 0.960558
8.993548 0.921117 0.918016 0.882322 0.959911
9.003226 0.920409 0.917762 0.881546 0.959271
9.012903 0.919707 0.917765 0.880774 0.958639
9.022581 0.919011 0.917823 0.880007 0.958015
9.032258 0.918321 0.917937 0.879244 0.957398
9.041935 0.917638 0.918104 0.878486 0.956790
9.051613 0.916962 0.918325 0.877733 0.956191
9.061290 0.916292 0.918599 0.876986 0.955599
9.070968 0.915629 0.918923 0.876243 0.955016
9.080645 0.914974 0.919043 0.875506 0.954441
9.090323 0.914325 0.917104 0.874774 0.953875
9.100000 0.913683 0.913985 0.874048 0.953318
9.109677 0.913049 0.910724 0.873328 0.952769
9.119355 0.912421 0.906636 0.872614 0.952229
9.129032 0.911802 0.904419 0.871906 0.951698
9.138710 0.911190 0.903157 0.871204 0.951176
9.148387 0.910585 0.901969 0.870508 0.950662
9.158065 0.909988 0.900854 0.869818 0.950157
9.167742 0.909398 0.899313 0.869135 0.949662
9.177419 0.908817 0.898277 0.868459 0.949175
9.187097 0.908243 0.897960 0.867789 0.948697
9.196774 0.907677 0.897852 0.867126 0.948228
9.206452 0.907119 0.897992 0.866470 0.947768
9.216129 0.906568 0.898584 0.865820 0.947316
9.225806 0.906026 0.899390 0.865178 0.946874
9.235484 0.905491 0.899507 0.864542 0.946441
9.245161 0.904965 0.898441 0.863913 0.946016
9.254839 0.904446 0.897896 0.863292 0.945600
9.264516 0.903936 0.898012 0.862678 0.945193
9.274194 0.903433 0.897270 0.862070 0.944795
9.283871 0.902938 0.895464 0.861470 0.944406
9.293548 0.902451 0.894508 0.860878 0.944025
9.303226 0.901973 0.895134 0.860292 0.943653
9.312903 0.901502 0.896327 0.859714 0.943289
9.322581 0.901039 0.897565 0.859143 0.942934
9.332258 0.900583 0.898146 0.858580 0.942587
9.341935 0.900136 0.897974 0.858023 0.942249
9.351613 0.899697 0.896933 0.857475 0.941919
9.361290 0.899265 0.895192 0.856933 0.941597
9.370968 0.898841 0.893401 0.856399 0.941284
9.380645 0.898425 0.891636 0.855872 0.940978
9.390323 0.898017 0.889897 0.855352 0.940681
9.400000 0.897616 0.888184 0.854840 0.940391
9.409677 0.897222 0.886499 0.854335 0.940110
9.419355 0.896837 0.884842 0.853838 0.939836
9.429032 0.896458 0.883212 0.853347 0.939569
9.438710 0.896087 0.881611 0.852864 0.939311
9.448387 0.895724 0.880038 0.852388 0.939060
9.458065 0.895368 0.878494 0.851919 0.938816
9.467742 0.895019 0.876978 0.851458 0.938580
9.477419 0.894677 0.875493 0.851003 0.938351
9.487097 0.894342 0.874036 0.850556 0.938129
9.496774 0.894015 0.872844 0.850116 0.937914
9.506452 0.893694 0.872450 0.849682 0.937706
9.516129 0.893381 0.872723 0.849256 0.937505
9.525806 0.893074 0.873016 0.848836 0.937311
9.535484 0.892774 0.873329 0.848424 0.937124
9.545161 0.892480 0.873165 0.848018 0.936943
9.554839 0.892194 0.872049 0.847619 0.936768
9.564516 0.891914 0.870718 0.847227 0.936600
9.574194 0.891640 0.869393 0.846841 0.936439
9.583871 0.891373 0.868074 0.846462 0.936283
9.593548 0.891112 0.866897 0.846090 0.936134
9.603226 0.890857 0.866527 0.845724 0.935990
9.612903 0.890609 0.867264 0.845364 0.935853
9.622581 0.890366 0.868016 0.845011 0.935721
9.632258 0.890130 0.868635 0.844665 0.935595
9.641935 0.889899 0.868543 0.844324 0.935475
9.651613 0.889675 0.867559 0.843990 0.935360
9.661290 0.889456 0.866631 0.843662 0.935250
9.670968 0.889243 0.865881 0.843340 0.935146
9.680645 0.889036 0.866191 0.843024 0.935048
9.690323 0.888834 0.868443 0.842714 0.934954
9.700000 0.888638 0.870739 0.842410 0.934866
9.709677 0.888447 0.873076 0.842111 0.934782
9.719355 0.888261 0.875371 0.841819 0.934704
9.729032 0.888081 0.877159 0.841532 0.934630
9.738710 0.887906 0.878052 0.841251 0.934561
9.748387 0.887736 0.878953 0.840975 0.934496
9.758065 0.887571 0.879862 0.840705 0.934437
9.767742 0.887411 0.880778 0.840440 0.934381
9.777419 0.887256 0.881700 0.840181 0.934330
9.787097 0.887105 0.882627 0.839927 0.934284
9.796774 0.886960 0.883560 0.839679 0.934241
9.806452 0.886819 0.884498 0.839435 0.934203
9.816129 0.886683 0.885440 0.839197 0.934169
9.825806 0.886551 0.886386 0.838964 0.934139
9.835484 0.886424 0.887335 0.838736 0.934112
9.845161 0.886301 0.888287 0.838512 0.934090
9.854839 0.886183 0.889098 0.838294 0.934071
9.864516 0.886068 0.888786 0.838080 0.934057
9.874194 0.885958 0.888067 0.837872 0.934045
9.883871 0.885853 0.887329 0.837668 0.934038
9.893548 0.885751 0.886705 0.837468 0.934033
9.903226 0.885653 0.887455 0.837273 0.934033
9.912903 0.885559 0.888293 0.837083 0.934035
9.922581 0.885469 0.889149 0.836897 0.934041
9.932258 0.885383 0.890377 0.836716 0.934050
9.941935 0.885301 0.892370 0.836539 0.934063
9.951613 0.885222 0.894370 0.836366 0.934078
9.961290 0.885147 0.896273 0.836198 0.934097
9.970968 0.885076 0.897835 0.836033 0.934118
9.980645 0.885008 0.899611 0.835873 0.934143
9.990323 0.884944 0.901372 0.835717 0.934170
10.000000 0.884883 0.901833 0.835565 0.934201